# save 1D
0.000000e+00,-1.322464e+00,-1.652101e-01
1.000000e+00,1.850146e-01,-3.933099e-01
2.000000e+00,4.094911e-01,1.181861e+00
3.000000e+00,1.339960e+00,1.044087e+00
4.000000e+00,1.487413e+00,7.077250e-01
5.000000e+00,-4.196678e-01,-7.985522e-01
6.000000e+00,8.190291e-01,-8.651302e-01
7.000000e+00,-5.189783e-01,-1.200317e+00
8.000000e+00,4.272844e-01,1.045054e-01
9.000000e+00,-4.040294e-01,2.340370e+00
1.000000e+01,-2.894323e-01,-6.111133e-01
1.100000e+01,1.151448e-01,1.493464e+00
1.200000e+01,-1.677450e+00,-1.789558e-02
1.300000e+01,-2.919871e-01,8.056475e-01
1.400000e+01,3.631295e-01,-8.287874e-02
1.500000e+01,-1.314604e+00,-3.854894e-01
1.600000e+01,1.206731e+00,1.814301e+00
1.700000e+01,2.023249e+00,-2.242301e+00
1.800000e+01,8.958501e-01,-5.774713e-02
1.900000e+01,1.339409e+00,-4.133126e-01
2.000000e+01,2.361337e+00,-1.350689e-01
2.100000e+01,1.483963e+00,-9.780486e-02
2.200000e+01,1.048908e+00,-8.986415e-01
2.300000e+01,5.538863e-01,1.051899e+00
2.400000e+01,2.357118e-01,-3.561899e-01
2.500000e+01,2.687511e-01,2.126481e-02
2.600000e+01,7.539465e-01,-4.229468e-01
2.700000e+01,2.016442e+00,3.811684e-01
2.800000e+01,-1.124959e+00,-3.289783e-01
2.900000e+01,1.003364e+00,-1.192954e+00
3.000000e+01,7.817775e-01,2.400407e-01
3.100000e+01,4.942888e-01,-8.449657e-01
3.200000e+01,-1.907956e-01,-2.204031e-01
3.300000e+01,-2.631531e+00,-1.307900e-02
3.400000e+01,1.088687e+00,-1.217892e+00
3.500000e+01,1.265021e+00,1.356236e+00
3.600000e+01,-8.766819e-01,7.802706e-01
3.700000e+01,-1.009764e+00,1.184726e+00
3.800000e+01,1.992016e-01,-1.556731e+00
3.900000e+01,9.190237e-01,1.647987e+00
4.000000e+01,-9.453067e-01,2.806989e-01
4.100000e+01,-1.310776e+00,-1.311220e+00
4.200000e+01,-9.094818e-01,3.121498e-01
4.300000e+01,-6.230570e-01,-4.943223e-01
4.400000e+01,1.336297e+00,1.447341e+00
4.500000e+01,1.127661e+00,-7.118641e-01
4.600000e+01,-9.887389e-01,-1.835750e+00
4.700000e+01,2.041086e-01,1.187004e+00
4.800000e+01,-2.345852e+00,8.376449e-01
4.900000e+01,-9.355156e-01,-6.474328e-01
5.000000e+01,2.355834e+00,1.311123e-01
5.100000e+01,-1.208131e+00,-2.482591e-01
5.200000e+01,1.534765e+00,2.866346e-01
5.300000e+01,3.566887e-01,-9.417466e-01
5.400000e+01,-7.086647e-01,-6.910095e-01
5.500000e+01,-7.483984e-02,-1.366005e-01
5.600000e+01,-1.774095e-01,2.268216e+00
5.700000e+01,7.905258e-01,-1.166305e+00
5.800000e+01,4.708074e-01,1.721324e+00
5.900000e+01,-4.921447e-01,1.015041e+00
6.000000e+01,-5.538403e-01,5.628637e-01
6.100000e+01,7.670950e-01,-1.288867e-01
6.200000e+01,1.321095e+00,1.448874e-01
6.300000e+01,-8.696792e-01,-1.507762e+00
6.400000e+01,9.176735e-01,-6.911077e-01
6.500000e+01,1.926876e+00,-3.347582e-01
6.600000e+01,3.813570e-01,1.380116e+00
6.700000e+01,-8.612954e-01,8.509121e-02
6.800000e+01,1.437839e+00,-2.036690e+00
6.900000e+01,-9.237899e-01,2.522302e-01
7.000000e+01,-1.472120e+00,-3.804510e-01
7.100000e+01,9.742491e-01,-1.711179e-01
7.200000e+01,-1.387643e+00,1.619516e+00
7.300000e+01,-7.602414e-01,-1.595623e+00
7.400000e+01,-1.103855e+00,1.225789e+00
7.500000e+01,1.360554e+00,1.399772e-02
7.600000e+01,1.549287e+00,-6.751823e-01
7.700000e+01,-1.663099e+00,-8.855409e-01
7.800000e+01,9.356235e-01,6.241790e-01
7.900000e+01,7.619463e-01,7.395883e-01
8.000000e+01,1.730809e+00,-1.657578e+00
8.100000e+01,2.759669e-01,1.206528e-01
8.200000e+01,1.786662e-01,-4.841871e-01
8.300000e+01,1.579086e+00,1.399007e+00
8.400000e+01,1.117892e+00,-2.097919e-01
8.500000e+01,-1.940491e+00,6.368244e-01
8.600000e+01,1.804440e+00,-1.585090e+00
8.700000e+01,1.354035e+00,-1.465180e-01
8.800000e+01,-9.204927e-01,1.760935e+00
8.900000e+01,-1.543442e+00,-3.175795e-01
9.000000e+01,-7.316274e-01,-1.837505e-01
9.100000e+01,1.502720e-01,-6.662604e-01
9.200000e+01,8.966179e-01,-2.038743e+00
9.300000e+01,1.029658e+00,6.010944e-01
9.400000e+01,3.550235e-01,2.640279e+00
9.500000e+01,6.443043e-01,1.725302e-01
9.600000e+01,2.316822e-01,-9.785096e-01
9.700000e+01,6.757815e-01,4.071264e-01
9.800000e+01,-4.891128e-01,9.049817e-01
9.900000e+01,3.709637e-01,5.144532e-02
